JW05
    1.000447      0.1567062E-02
   0.9980595      0.1804201E-02
   0.9948907      0.2109178E-02
   0.9911659      0.2460852E-02
   0.9867331      0.2871319E-02
   0.9814353      0.3362120E-02
   0.9751542      0.3944987E-02
   0.9678806      0.4624692E-02
   0.9597456      0.5395154E-02
   0.9509626      0.6239596E-02
   0.9417466      0.7139244E-02
   0.9322746      0.8075307E-02
   0.9226407      0.9039382E-02
   0.9129059      0.1002080E-01
   0.9031191      0.1101305E-01
   0.8932972      0.1201039E-01
   0.8834874      0.1300629E-01
   0.8737399      0.1399083E-01
   0.8640612      0.1495767E-01
   0.8544912      0.1590086E-01
   0.8450570      0.1681028E-01
   0.8358315      0.1769673E-01
   0.8268827      0.1854471E-01
   0.8183846      0.1933298E-01
   0.8105978      0.2001250E-01
   0.8034419      0.2056520E-01
   0.7970820      0.2096509E-01
   0.7915783      0.2121433E-01
   0.7867501      0.2133534E-01
   0.7853066      0.2134928E-01
   0.7843169      0.2135522E-01
   0.7836185      0.2135015E-01
   0.7829209      0.2134656E-01
   0.7824107      0.2137145E-01
   0.7818756      0.2150833E-01
   0.7807930      0.2195632E-01
   0.7800000      0.2232619E-01
   0.7795340      0.2252300E-01
   0.7786620      0.2290700E-01
   0.7772537      0.2352263E-01
   0.7740253      0.2485751E-01
   0.7707836      0.2612821E-01
   0.7680715      0.2715133E-01
   0.7649418      0.2829598E-01
   0.7620621      0.2931705E-01
   0.7588269      0.3042916E-01
   0.7552625      0.3161893E-01
   0.7514417      0.3285611E-01
   0.7473299      0.3414821E-01
   0.7429016      0.3549857E-01
   0.7381223      0.3691286E-01
   0.7329617      0.3839504E-01
   0.7273949      0.3994658E-01
   0.7214166      0.4156259E-01
   0.7150318      0.4323528E-01
   0.7082405      0.4495821E-01
   0.7010645      0.4671981E-01
   0.6935272      0.4850915E-01
   0.6856623      0.5031473E-01
   0.6775081      0.5212501E-01
   0.6691003      0.5392990E-01
   0.6604884      0.5571737E-01
   0.6517004      0.5748079E-01
   0.6427731      0.5921244E-01
   0.6337320      0.6090767E-01
   0.6246035      0.6256223E-01
   0.6154087      0.6417325E-01
   0.6061685      0.6573821E-01
   0.5968975      0.6725588E-01
   0.5876138      0.6872460E-01
   0.5783254      0.7014440E-01
   0.5713344      0.7118104E-01
   0.5621690      0.7249932E-01
   0.5533051      0.7373097E-01
   0.5419127      0.7525262E-01
   0.5304003      0.7672144E-01
   0.5187925      0.7813350E-01
   0.5071125      0.7948564E-01
   0.4953762      0.8077623E-01
   0.4836030      0.8200365E-01
   0.4718021      0.8316761E-01
   0.4599879      0.8426734E-01
   0.4482032      0.8529976E-01
   0.4364838      0.8626301E-01
   0.4248158      0.8715934E-01
   0.4131756      0.8799141E-01
   0.4015683      0.8876044E-01
   0.3899981      0.8945729E-01
   0.3784660      0.9008105E-01
   0.3669798      0.9063022E-01
   0.3555384      0.9110352E-01
   0.3441459      0.9149917E-01
   0.3327995      0.9181535E-01
   0.3215054      0.9204971E-01
   0.3102647      0.9219981E-01
   0.2990842      0.9226293E-01
   0.2879639      0.9223625E-01
   0.2769100      0.9211673E-01
   0.2659314      0.9190140E-01
   0.2550292      0.9158707E-01
   0.2442153      0.9117093E-01
   0.2335014      0.9065061E-01
   0.2228996      0.9002434E-01
   0.2124266      0.8929108E-01
   0.2021002      0.8845030E-01
   0.1919411      0.8750214E-01
   0.1819731      0.8644765E-01
   0.1722199      0.8528871E-01
   0.1627074      0.8402845E-01
   0.1534552      0.8267035E-01
   0.1444864      0.8121966E-01
   0.1358164      0.7968205E-01
   0.1274620      0.7806568E-01
   0.1194320      0.7638116E-01
   0.1117310      0.7462212E-01
   0.1043630      0.7279684E-01
   0.9733100E-01  0.7091176E-01
   0.9063500E-01  0.6897792E-01
   0.8427400E-01  0.6700268E-01
   0.7824600E-01  0.6499432E-01
   0.7254400E-01  0.6296112E-01
   0.6716400E-01  0.6091136E-01
   0.6209700E-01  0.5885332E-01
   0.5733300E-01  0.5679252E-01
   0.5286200E-01  0.5473632E-01
   0.4867300E-01  0.5269116E-01
   0.4475100E-01  0.5065980E-01
   0.4108400E-01  0.4864500E-01
   0.3765700E-01  0.4665044E-01
   0.3445700E-01  0.4467428E-01
   0.3147100E-01  0.4272020E-01
   0.2868600E-01  0.4078820E-01
   0.2608800E-01  0.3887920E-01
   0.2366600E-01  0.3699504E-01
   0.2140900E-01  0.3513848E-01
   0.1930600E-01  0.3330676E-01
   0.1734900E-01  0.3150356E-01
   0.1552800E-01  0.2972612E-01
   0.1383600E-01  0.2797628E-01
   0.1226600E-01  0.2625220E-01
   0.1081200E-01  0.2455388E-01
   0.9467000E-02  0.2287948E-01
   0.8229000E-02  0.2123084E-01
   0.7090000E-02  0.1960520E-01
   0.6046000E-02  0.1800256E-01
   0.5095000E-02  0.1642292E-01
   0.4231000E-02  0.1486720E-01
   0.3453000E-02  0.1333264E-01
   0.2757000E-02  0.1182200E-01
   0.2142000E-02  0.1033344E-01
   0.1607000E-02  0.8866960E-02
   0.1150000E-02  0.7422560E-02
   0.7700000E-03  0.6000240E-02
   0.4690000E-03  0.4602760E-02
   0.2430000E-03  0.3227360E-02
   0.9100000E-04  0.1876800E-02
   0.1500000E-04  0.5556800E-03
   0.1600000E-04 -0.7378400E-03
   0.9600000E-04 -0.2024000E-02
   0.2690000E-03 -0.3314760E-02
   0.5470000E-03 -0.4603680E-02
   0.9440000E-03 -0.5873280E-02
   0.1473000E-02 -0.7109760E-02
   0.2137032E-02 -0.8304646E-02
   0.2936622E-02 -0.9449655E-02
   0.3883911E-02 -0.1054437E-01
   0.4998753E-02 -0.1156359E-01
   0.6274114E-02 -0.1249237E-01
   0.7709082E-02 -0.1335046E-01
   0.9303249E-02 -0.1415674E-01
   0.1103007E-01 -0.1491235E-01
   0.1288228E-01 -0.1562525E-01
   0.1486872E-01 -0.1630558E-01
   0.1701456E-01 -0.1696429E-01
   0.1931929E-01 -0.1760170E-01
   0.2177262E-01 -0.1821568E-01
   0.2438151E-01 -0.1880838E-01
   0.2715528E-01 -0.1938156E-01
   0.3010221E-01 -0.1993611E-01
   0.3323176E-01 -0.2047265E-01
   0.3655323E-01 -0.2099139E-01
   0.4008236E-01 -0.2149309E-01
   0.4383185E-01 -0.2197763E-01
   0.4782637E-01 -0.2244599E-01
   0.5209992E-01 -0.2289945E-01
   0.5669356E-01 -0.2333902E-01
   0.6165124E-01 -0.2376500E-01
   0.6702012E-01 -0.2417694E-01
   0.7284993E-01 -0.2457366E-01
   0.7919263E-01 -0.2495330E-01
   0.8609781E-01 -0.2531328E-01
   0.9360575E-01 -0.2565027E-01
   0.1017434     -0.2596068E-01
   0.1105081     -0.2624075E-01
   0.1198707     -0.2648779E-01
   0.1297442     -0.2670315E-01
   0.1400332     -0.2688760E-01
   0.1506449     -0.2703977E-01
   0.1615042     -0.2716026E-01
   0.1725439     -0.2725107E-01
   0.1837117     -0.2731523E-01
   0.1949669     -0.2735650E-01
   0.2062846     -0.2737907E-01
   0.2176489     -0.2738736E-01
   0.2290213     -0.2738530E-01
   0.2403607     -0.2737408E-01
   0.2516647     -0.2735408E-01
   0.2629381     -0.2732565E-01
   0.2741758     -0.2728917E-01
   0.2853838     -0.2724498E-01
   0.2965611     -0.2719344E-01
   0.3077129     -0.2713486E-01
   0.3188435     -0.2706958E-01
   0.3299259     -0.2699809E-01
   0.3409502     -0.2692084E-01
   0.3519315     -0.2683810E-01
   0.3628747     -0.2675009E-01
   0.3737772     -0.2665707E-01
   0.3846330     -0.2655933E-01
   0.3954316     -0.2645721E-01
   0.4061565     -0.2635112E-01
   0.4167855     -0.2624156E-01
   0.4273009     -0.2612899E-01
   0.4376747     -0.2601404E-01
   0.4478785     -0.2589732E-01
   0.4578837     -0.2577952E-01
   0.4676628     -0.2566129E-01
   0.4771370     -0.2554397E-01
   0.4862322     -0.2542886E-01
   0.4949252     -0.2531668E-01
   0.5031914     -0.2520814E-01
   0.5110125     -0.2510382E-01
   0.5183798     -0.2500419E-01
   0.5252932     -0.2490953E-01
   0.5317683     -0.2481989E-01
   0.5378262     -0.2473521E-01
   0.5434976     -0.2465515E-01
   0.5488193     -0.2457898E-01
   0.5538280     -0.2450598E-01
   0.5601888     -0.2441088E-01
   0.5683317     -0.2428413E-01
   0.5762240     -0.2415457E-01
   0.5838544     -0.2402168E-01
   0.5912027     -0.2388537E-01
   0.5982163     -0.2374651E-01
   0.6048831     -0.2361957E-01
   0.6112273     -0.2349912E-01
   0.6172817     -0.2338216E-01
   0.6230752     -0.2326754E-01
   0.6286129     -0.2315514E-01
   0.6338880     -0.2304521E-01
   0.6389036     -0.2293799E-01
   0.6436572     -0.2283387E-01
   0.6481181     -0.2273396E-01
   0.6522715     -0.2263899E-01
   0.6563217     -0.2254459E-01
   0.6603897     -0.2244799E-01
   0.6644216     -0.2235046E-01
   0.6684206     -0.2225197E-01
   0.6723591     -0.2215320E-01
   0.6762573     -0.2205369E-01
   0.6801252     -0.2195317E-01
   0.6841403     -0.2184683E-01
   0.6855097     -0.2181007E-01
   0.6866717     -0.2177869E-01
   0.6882825     -0.2173486E-01
   0.6892162     -0.2170929E-01
   0.6903102     -0.2167916E-01
   0.6910475     -0.2165876E-01
   0.6921732     -0.2162743E-01
   0.6943191     -0.2156715E-01
   0.6963905     -0.2150822E-01
   0.6985500     -0.2144594E-01
   0.7002249     -0.2139701E-01
   0.7017503     -0.2135196E-01
   0.7035011     -0.2129963E-01
   0.7050862     -0.2125167E-01
   0.7052781     -0.2124582E-01
   0.7067575     -0.2120046E-01
   0.7082436     -0.2115436E-01
   0.7097495     -0.2110706E-01
   0.7112859     -0.2105820E-01
   0.7128633     -0.2100736E-01
   0.7144947     -0.2095404E-01
   0.7161853     -0.2089795E-01
   0.7179442     -0.2083867E-01
   0.7197706     -0.2077608E-01
   0.7216554     -0.2071034E-01
   0.7235758     -0.2064211E-01
   0.7255500     -0.2057061E-01
   0.7276136     -0.2049434E-01
   0.7297683     -0.2041298E-01
   0.7320238     -0.2032586E-01
   0.7343975     -0.2023193E-01
   0.7369123     -0.2012984E-01
   0.7395974     -0.2001781E-01
   0.7424912     -0.1989344E-01
   0.7456469     -0.1975339E-01
   0.7491511     -0.1959234E-01
   0.7514818     -0.1948191E-01
   0.7531344     -0.1940197E-01
   0.7549546     -0.1931234E-01
   0.7569669     -0.1921129E-01
   0.7592054     -0.1909646E-01
   0.7617038     -0.1896523E-01
   0.7645041     -0.1881427E-01
   0.7676655     -0.1863890E-01
   0.7713050     -0.1843048E-01
   0.7755864     -0.1817633E-01
   0.7806553     -0.1786301E-01
   0.7866180     -0.1747773E-01
   0.7935577     -0.1700805E-01
   0.8013953     -0.1644852E-01
   0.8099136     -0.1580995E-01
   0.8188303     -0.1511117E-01
   0.8279209     -0.1436655E-01
   0.8370572     -0.1360319E-01
   0.8461818     -0.1282872E-01
   0.8552548     -0.1204949E-01
   0.8643450     -0.1126256E-01
   0.8734261     -0.1047306E-01
   0.8824667     -0.9686592E-02
   0.8914851     -0.8904399E-02
   0.9004860     -0.8128857E-02
   0.9094654     -0.7362514E-02
   0.9184190     -0.6606033E-02
   0.9273376     -0.5860116E-02
   0.9361817     -0.5127917E-02
   0.9448895     -0.4414301E-02
   0.9533744     -0.3725892E-02
   0.9614821     -0.3074513E-02
   0.9690210     -0.2474453E-02
   0.9758234     -0.1937651E-02
   0.9817702     -0.1471996E-02
   0.9868679     -0.1075500E-02
   0.9912000     -0.7404912E-03
   0.9948836     -0.4570462E-03
   0.9980385     -0.2153043E-03
    1.000429     -0.3282598E-04
